45,1
32,8
46,1
33,1
45,6
35,4
44,1
97,4
45,1
27,3
16,7
17,4
89,2
47,5
0,6
62,1
60,9
87,2
22,5
82,2
23,7
11,0
1,0
72,1
19,3
58,6
3,6
27,3
65,9
97,8
86,1
6,3
66,3
51,0
8,4
95,7
69,4
33,2
49,1
1,7
50,8
93,2
97,8
51,1
79,2
24,0
17,0
9,5
24,1
25,4
40,8
19,0
76,0
25,4
48,2
47,1
19,9
39,9
16,1
34,8
27,6
75,0
48,9
99,1
17,4
81,0
74,5
0,4
27,8
16,7
5,8
78,4
41,2
69,8
22,3
50,5
18,7
51,1
81,8
4,7
78,9
14,1
74,3
22,7
66,9
54,9
17,7
35,8
65,1
7,9
88,2
97,2
55,7
36,2
38,7
40,9
93,7
69,9
12,7
15,5
74,4
15,9
69,4
56,0
90,0
76,7
71,4
58,6
75,6
21,4
16,4
4,8
1,5
74,8
23,0
16,5
71,6
10,1
3,8
83,5
12,1
45,6
73,0
33,9
85,0
31,4
15,5
7,6
27,5
0,8
77,5
46,9
59,2
55,2
60,5
11,3
4,2
42,3
47,4
2,7
77,9
54,7
36,4
85,0
74,4
84,5
32,7
88,2
64,1
16,6
8,9
15,5
62,1
58,8
4,0
38,0
44,8
49,8
21,1
38,3
39,2
26,4
82,7
78,2
62,7
27,4
19,4
46,1
52,4
78,0
58,3
71,4
49,2
49,0
50,4
30,7
28,4
93,5
77,7
4,5
32,3
89,2
25,1
81,3
64,1
37,3
16,6
43,9
77,6
37,8
29,9
97,9
68,9
10,0
22,2
66,7
18,6
85,7
62,6
93,5
62,3
65,6
62,3
57,3
63,0
83,8
45,5
4,8
0,9
44,8
73,2
40,8
33,6
84,8
21,5
91,1
49,2
59,2
99,8
84,4
19,6
37,5
2,0
93,2
23,3
85,9
54,7
7,1
20,7
90,0
52,8
62,7
25,5
94,8
64,3
51,4
94,0
39,3
71,0
6,1
66,2
14,6
5,0
30,2
39,0
54,6
49,5
97,1
63,5
36,7
54,9
87,1
55,9
86,1
97,6
42,3
24,8
22,9
66,9
53,4
35,4
34,8
34,0
10,7
66,4
34,5
39,5
9,6
71,6
74,9
41,1
25,2
13,9
15,3
96,9
56,3
16,6
27,2
9,0
45,3
67,9
92,2
76,9
10,1
17,0
79,4
73,9
71,0
30,5
66,6
73,6
7,7
68,0
4,9
27,1
76,9
29,6
5,7
9,5
81,9
37,0
76,5
38,2
65,7
98,7
58,5
15,4
34,5
33,2
79,7
72,9
93,3
56,9
70,6
74,6
54,8
60,5
42,1
52,6
73,6
58,9
25,9
52,7
10,7
63,9
92,0
44,5
26,1
13,0
10,9
39,4
53,3
77,8
4,9
51,2
29,4
48,7
28,1
22,9
81,0
41,3
89,1
79,4
25,8
79,9
54,7
44,7
82,8
45,4
16,8
51,7
60,7
79,7
82,4
34,3
65,1
39,9
32,6
5,4
5,8
87,2
30,0
36,9
37,6
19,5
71,9
4,5
14,2
41,4
73,7
49,2
61,6
34,0
93,2
90,9
2,4
80,2
45,9
49,8
59,6
31,4
64,5
42,6
3,1
70,6
66,9
1,1
53,6
5,6
70,5
73,5
8,4
6,6
44,0
22,6
51,6
58,6
69,3
4,5
76,4
34,4
56,1
30,4
42,6
5,2
61,0
44,9
0,5
42,6
51,9
70,5
32,8
96,3
27,6
76,7
19,4
82,0
24,4
94,4
18,8
41,2
38,9
49,6
12,1
43,4
94,7
2,3
85,0
59,7
5,3
12,4
94,3
18,5
18,0
44,8
59,0
49,9
22,7
98,6
34,7
66,8
44,8
70,6
3,2
37,1
0,8
37,6
76,4
21,8
33,0
4,7
71,4
74,0
5,1
41,9
69,4
34,8
17,0
75,6
91,8
50,4
72,0
63,5
61,9
19,7
98,8
69,6
0,8
31,5
71,2
7,2
21,0
27,2
23,8
63,1
45,2
77,1
72,3
95,4
53,4
33,1
89,3
97,8
49,9
37,0
15,9
68,0
66,5
86,9
12,3
18,8
94,0
86,6
53,2
51,6
28,1
30,6
37,5
14,8
95,6
63,6
18,5
36,5
29,7
74,4
96,0
2,9
81,4
38,1
19,3
20,1
27,0
10,7
39,7
73,9
36,7
21,8
64,7
63,3
88,4
92,1
21,4
22,8
42,1
32,5
10,7
81,9
68,5
38,6
11,3
39,6
17,3
0,8
16,0
17,2
73,0
35,0
25,1
26,0
33,9
20,3
73,8
68,3
57,2
61,7
64,4
82,3
51,3
55,5
19,7
58,5
55,1
19,5
80,1
5,4
46,5
95,3
20,0
36,0
45,3
28,8
55,2
55,7
9,1
95,8
40,2
33,3
74,8
61,2
20,3
73,4
82,7
61,7
37,0
24,1
92,9
86,2
60,6
90,2
3,2
47,9
16,6
44,0
10,8
48,7
35,1
64,2
11,4
88,8
42,4
90,9
90,2
83,1
38,9
86,0
53,2
64,2
39,5
57,0
39,7
73,7
65,1
99,1
35,6
67,7
83,6
8,5
80,7
12,1
10,4
29,6
87,7
20,8
53,0
97,9
34,2
79,8
52,2
26,3
41,5
79,0
74,0
11,1
20,8
25,2
52,0
34,1
22,6
70,8
89,9
1,4
49,9
91,3
45,0
70,6
9,1
18,8
49,6
44,0
8,6
64,7
99,2
88,1
76,1
87,4
68,5
15,6
6,9
12,7
19,2
68,3
3,5
84,0
88,5
49,0
23,3
27,3
52,1
9,0
79,7
13,7
69,6
40,3
4,8
26,4
36,3
55,7
27,5
71,2
93,7
83,1
33,0
14,2
47,1
43,7
94,8
64,9
97,6
4,2
91,5
58,5
73,4
42,0
54,2
42,7
77,2
50,7
46,4
28,3
43,3
87,2
97,4
43,4
44,2
83,1
96,6
63,8
6,9
41,8
27,0
30,1
75,3
61,3
34,3
65,5
97,7
13,5
69,3
14,8
93,6
96,8
33,5
57,5
38,8
23,6
29,8
29,8
53,9
34,6
26,4
86,2
28,2
97,9
36,3
62,5
53,0
61,6
20,2
69,2
42,0
98,0
78,2
31,2
92,5
48,4
41,0
46,7
29,4
63,3
92,9
98,7
96,9
17,3
55,3
19,1
13,4
56,1
94,3
70,5
72,9
86,1
34,1
50,7
20,0
15,9
91,3
70,8
86,8
91,8
20,4
37,6
69,8
79,1
23,3
89,1
28,2
62,2
95,1
12,4
37,6
5,7
95,6
23,2
74,5
20,0
86,1
97,5
99,0
81,8
10,2
9,5
61,7
46,4
39,9
99,2
79,5
77,4
91,8
1,7
32,6
33,8
45,6
91,2
94,9
3,9
12,0
56,4
62,1
55,3
59,2
65,9
91,5
50,8
39,9
86,8
34,6
92,1
94,7
74,3
52,4
53,5
60,4
6,4
61,4
77,3
77,4
82,0
32,9
82,7
20,0
25,5
38,3
66,8
51,4
94,3
14,4
27,8
70,6
89,5
3,8
8,1
51,3
70,7
99,6
3,4
0,5
95,9
76,7
47,6
18,4
48,4
83,3
45,0
90,3
40,6
87,2
40,9
83,1
90,4
92,3
3,8
45,5
74,5
34,9
39,8
78,9
71,9
28,6
15,6
60,9
36,4
63,5
89,3
75,3
66,9
11,5
32,1
46,5
69,5
30,5
10,3
87,0
48,3
53,7
48,2
4,7
67,0
40,8
35,0
46,7
64,1
11,7
99,9
59,3
17,3
0,6
59,7
97,7
58,0
70,1
22,4
75,5
85,8
65,2
10,1
45,8
51,2
84,0
36,1
48,8
13,8
34,8
44,5
32,9
97,8
30,0
31,7
40,7
5,4
44,2
37,4
66,8
96,1
60,5
59,5
37,3
6,1
94,2
24,4
45,2
90,0
49,1
93,8
22,9
67,5
2,1
18,7
70,8
13,4
17,9
0,2
26,4
75,6
4,8
6,7
18,5
52,1
61,4
82,7
83,5
64,6
82,7
75,5
66,8
10,8
12,1
34,4
56,3
72,2
73,9
83,9
53,7
72,7
0,1
79,2
95,5
27,3
18,4
89,8
69,4
98,6
44,0
23,5
42,6
42,2
33,0
96,5
97,2
85,1
15,5
44,0
68,5
60,9
11,5
1,5
43,8
33,4
58,8
6,0
64,7
60,4
52,8
43,8
14,2
3,6
9,3
5,1
27,1
60,4
84,8
85,8
24,8
55,1
46,0
6,0
62,6
43,4
25,0
81,5
48,3
